version https://git-lfs.github.com/spec/v1
oid sha256:01395601e92ae0b38b32e1af4ba591fada1607bae8085ca54a2b0a7828b33009
size 11379
